code, buy, leverage, volume, taken_price, taken_date, real_taken_price, margin, price, low_price, high_price, alt_price, price_date, unit_bias, stop_loss, take_profit, committed, committed_date
1
8.66, 0.0, 0.0, 0.88, 7776000000, 0, 1625072400000, 3000.0, JustForex
1
-1
AAPL, ABBV, BTCUSD, ETHUSD, INTC, KO, MRK, MSFT, PFE, XAUUSD
crypto, energy, forex, index, mbc, stock, undefined
-1
0
XAUUSD, 1500.0, 1816.778, 1784.41, 1819.125, 1793.4, 1630074188000, 24.594477
XAUUSD, 1500.0, 1818.39, 1817.133, 1819.111, 1817.936, 1630246988000, 24.594477
XAUUSD, 1500.0, 1810.386, 1807.65, 1823.157, 1818.386, 1630333388000, 24.594477
XAUUSD, 1500.0, 1814.435, 1801.544, 1819.047, 1810.341, 1630400859000, 24.594477
XAUUSD, 1500.0, 1813.02, 1808.588, 1819.911, 1814.426, 1630487259000, 24.594477
XAUUSD, 1500.0, 1809.364, 1804.63, 1817.008, 1813.018, 1630573659000, 24.594477
XAUUSD, 1500.0, 1827.573, 1808.878, 1833.859, 1809.362, 1630660059000, 24.594477
XAUUSD, 1500.0, 1827.555, 1827.417, 1830.149, 1828.089, 1630832859000, 24.594477
XAUUSD, 1500.0, 1823.52, 1821.315, 1828.416, 1827.545, 1630919259000, 24.594477
XAUUSD, 1500.0, 1795.591, 1792.28, 1827.179, 1823.475, 1631005659000, 24.594477
XAUUSD, 1500.0, 1790.683, 1782.3, 1802.087, 1795.589, 1631092059000, 24.594477
XAUUSD, 1500.0, 1794.695, 1783.752, 1800.893, 1790.694, 1631177192000, 24.594477
XAUUSD, 1500.0, 1787.614, 1787.08, 1803.772, 1794.67, 1631263592000, 24.594477
XAUUSD, 1500.0, 1787.29, 1786.96, 1788.683, 1787.288, 1631453871000, 24.594477
XAUUSD, 1500.0, 1792.955, 1783.302, 1798.314, 1787.245, 1631504354000, 24.594477
XAUUSD, 1500.0, 1803.691, 1780.279, 1808.59, 1792.956, 1631624339000, 24.594477
XAUUSD, 1500.0, 1795.002, 1790.604, 1806.763, 1803.701, 1631672012000, 24.594477
XAUUSD, 1500.0, 1753.841, 1745.019, 1796.083, 1794.956, 1631761994000, 24.594477
XAUUSD, 1500.0, 1754.536, 1747.306, 1767.452, 1753.851, 1631847386000, 24.594477
XAUUSD, 1500.0, 1764.948, 1741.681, 1766.923, 1754.088, 1632110186000, 24.594477
XAUUSD, 1500.0, 1774.882, 1757.869, 1781.613, 1764.917, 1632197766000, 24.594477
XAUUSD, 1500.0, 1766.984, 1764.582, 1787.164, 1774.886, 1632290009000, 24.594477
XAUUSD, 1500.0, 1746.235, 1737.392, 1776.51, 1767.014, 1632356816000, 24.594477
XAUUSD, 1500.0, 1755.1, 1755.1, 1755.1, 1755.1, 1632451462000, 24.594477
XAUUSD, 1500.0, 1750.494, 1740.411, 1757.561, 1746.247, 1632455062000, 24.594477
XAUUSD, 1500.0, 1749.526, 1748.214, 1750.774, 1750.033, 1632627862000, 24.594477
XAUUSD, 1500.0, 1751.215, 1744.808, 1760.795, 1749.536, 1632731789000, 24.594477
XAUUSD, 1500.0, 1735.3, 1728.069, 1754.411, 1751.213, 1632801349000, 24.594477
XAUUSD, 1500.0, 1728.823, 1721.571, 1745.472, 1735.309, 1632887749000, 24.594477
XAUUSD, 1500.0, 1753.039, 1722.212, 1764.08, 1728.854, 1632974149000, 24.594477
XAUUSD, 1500.0, 1760.466, 1749.685, 1764.191, 1753.006, 1633092981000, 24.594477
XAUUSD, 1500.0, 1763.118, 1760.954, 1765.195, 1760.954, 1633265781000, 24.594477
XAUUSD, 1500.0, 1768.073, 1747.675, 1770.487, 1763.088, 1633352181000, 24.594477
XAUUSD, 1500.0, 1759.285, 1748.561, 1768.32, 1768.042, 1633438581000, 24.594477
XAUUSD, 1500.0, 1763.335, 1745.822, 1765.063, 1759.317, 1633476845000, 24.594477
XAUUSD, 1500.0, 1755.097, 1751.935, 1766.891, 1763.913, 1633563245000, 24.594477
XAUUSD, 1500.0, 1757.212, 1753.32, 1781.292, 1755.098, 1633649645000, 24.594477
XAUUSD, 1500.0, 1753.953, 1750.915, 1757.764, 1757.272, 1633822445000, 24.594477
XAUUSD, 1500.0, 1753.295, 1750.128, 1760.948, 1753.956, 1633963338000, 24.594477
XAUUSD, 1500.0, 1760.362, 1750.573, 1769.3, 1753.334, 1634013680000, 24.594477
XAUUSD, 1500.0, 1791.698, 1757.826, 1795.969, 1760.331, 1634100851000, 24.594477
XAUUSD, 1500.0, 1795.327, 1786.625, 1800.406, 1791.671, 1634227995000, 24.594477
XAUUSD, 1500.0, 1767.427, 1764.652, 1796.369, 1795.277, 1634253779000, 24.594477
XAUUSD, 1500.0, 1770.952, 1764.565, 1772.013, 1766.961, 1634483643000, 24.594477
XAUUSD, 1500.0, 1763.964, 1760.276, 1772.007, 1770.983, 1634540646000, 24.594477
XAUUSD, 1500.0, 1768.661, 1763.269, 1785.062, 1763.995, 1634627046000, 24.594477
XAUUSD, 1500.0, 1781.408, 1766.839, 1788.368, 1768.664, 1634742935000, 24.594477
XAUUSD, 1500.0, 1784.594, 1776.245, 1789.316, 1781.376, 1634804332000, 24.594477
XAUUSD, 1500.0, 1792.853, 1782.595, 1813.56, 1784.561, 1634895699000, 24.594477
XAUUSD, 1500.0, 1794.347, 1792.388, 1794.371, 1792.926, 1635053812000, 24.594477
XAUUSD, 1500.0, 1807.792, 1792.182, 1809.913, 1794.376, 1635151672000, 24.594477
XAUUSD, 1500.0, 1793.554, 1782.191, 1807.848, 1807.777, 1635264165000, 24.594477
XAUUSD, 1500.0, 1796.583, 1783.447, 1799.027, 1793.571, 1635335405000, 24.594477
XAUUSD, 1500.0, 1799.575, 1791.986, 1810.38, 1796.552, 1635422564000, 24.594477
XAUUSD, 1500.0, 1783.296, 1771.896, 1799.944, 1799.559, 1635508964000, 24.594477
XAUUSD, 1500.0, 1780.02, 1779.055, 1783.269, 1783.269, 1635681764000, 24.594477
XRPUSD, 10.0, 0.9358, 0.905, 0.9581, 0.0, 1632993493000, 0.049089
XRPUSD, 10.0, 1.0229, 0.9352, 1.0622, 0.0, 1632993493001, 0.049089
XRPUSD, 10.0, 1.0457, 1.0023, 1.066, 0.0, 1633166293000, 0.049089
XRPUSD, 10.0, 1.0585, 1.0151, 1.0823, 0.0, 1633252693000, 0.049089
XRPUSD, 10.0, 1.0339, 1.0004, 1.0608, 0.0, 1633339093000, 0.049089
XRPUSD, 10.0, 1.0632, 1.0228, 1.0784, 0.0, 1633425493000, 0.049089
XRPUSD, 10.0, 1.0701, 1.0116, 1.1016, 0.0, 1633511893000, 0.049089
XRPUSD, 10.0, 1.0684, 1.0374, 1.0883, 0.0, 1633598293000, 0.049089
XRPUSD, 10.0, 1.0763, 1.0763, 1.0763, 1.0763, 1633601893000, 0.049089
XRPUSD, 10.0, 1.0899, 1.0899, 1.0899, 0.0, 1633684693000, 0.049089
XRPUSD, 10.0, 1.095, 1.095, 1.095, 0.0, 1633684693001, 0.049089
XRPUSD, 10.0, 1.0524, 1.0486, 1.0862, 0.0, 1633684693002, 0.049089
XRPUSD, 10.0, 1.1293, 1.1293, 1.1293, 0.0, 1633771092000, 0.049089
XRPUSD, 10.0, 1.13, 1.05, 1.1434, 0.0, 1633771093000, 0.049089
XRPUSD, 10.0, 1.1609, 1.1609, 1.1609, 1.1609, 1633774693000, 0.049089
XRPUSD, 10.0, 1.1578, 1.0503, 1.2017, 1.0524, 1633774693001, 0.049089
XRPUSD, 10.0, 1.2017, 1.2017, 1.2017, 1.2017, 1633774693002, 0.049089
XRPUSD, 10.0, 1.1578, 1.0503, 1.2017, 1.0524, 1633774693004, 0.049089
XRPUSD, 10.0, 1.1656, 1.129, 1.2234, 1.1578, 1633861093001, 0.049089
XRPUSD, 10.0, 1.1083, 1.0961, 1.1756, 1.1657, 1633947493000, 0.049089
XRPUSD, 10.0, 1.0905, 1.058, 1.1323, 1.1086, 1634013818001, 0.049089
XRPUSD, 10.0, 1.1031, 1.0692, 1.1199, 1.0905, 1634101041000, 0.049089
XRPUSD, 10.0, 1.1236, 1.1027, 1.1516, 1.1031, 1634228240000, 0.049089
XRPUSD, 10.0, 1.1466, 1.0867, 1.1594, 1.1236, 1634253981000, 0.049089
XRPUSD, 10.0, 1.1383, 1.1252, 1.1804, 1.1467, 1634397422000, 0.049089
XRPUSD, 10.0, 1.0525, 1.0129, 1.1384, 1.1383, 1634483822000, 0.049089
XRPUSD, 10.0, 1.0757, 1.0512, 1.1004, 1.0525, 1634570222000, 0.049089
XRPUSD, 10.0, 1.0708, 1.0606, 1.0947, 1.0757, 1634656622000, 0.049089
XRPUSD, 10.0, 1.135, 1.0704, 1.1468, 1.0714, 1634743278000, 0.049089
XRPUSD, 10.0, 1.092, 1.0813, 1.158, 1.1361, 1634804769000, 0.049089
XRPUSD, 10.0, 1.0856, 1.0696, 1.1226, 1.092, 1634893067994, 0.049089
XRPUSD, 10.0, 1.0819, 1.0704, 1.0958, 1.0856, 1634962470000, 0.049089
XRPUSD, 10.0, 1.0706, 1.0472, 1.09, 1.0819, 1635052196001, 0.049089
XRPUSD, 10.0, 1.09349, 1.07556, 1.10086, 1.07995, 1635137193000, 0.049089
XRPUSD, 10.0, 1.10452, 1.08593, 1.15548, 1.09348, 1635223593000, 0.049089
XRPUSD, 10.0, 0.99159, 0.94549, 1.12135, 1.10454, 1635320169000, 0.049089
XRPUSD, 10.0, 1.05685, 0.97735, 1.07747, 0.99253, 1635410525000, 0.049089
XRPUSD, 10.0, 1.07945, 1.04977, 1.08733, 1.05676, 1635496925000, 0.049089
XRPUSD, 10.0, 1.08292, 1.05778, 1.11363, 1.07957, 1635602883000, 0.049089
XRPUSD, 10.0, 1.11089, 1.06706, 1.15001, 1.08319, 1635689283000, 0.049089
0
$
XRPUSD, true, 5.0, 1633774693000, 1.317, NaN, 1.04481, 1.04481, false, 0
XRPUSD, true, 5.0, 1633774693002, 1.0488, NaN, 1.04481, 1.04481, false, 0
$
#
#
&
&
@
XAUUSD, com=0.0, mpc=0, prr=1.0, spd=0.0, cat=mbc, swp=0.0, tup=1
XRPUSD, com=0.0, mpc=0, prr=1.0, spd=0.0, cat=crypto, swp=0.0, tup=1
@
!
XRPUSD, true, 5.0, 1633947493000, 1.1204, NaN, 1.029485, 1.130395, true, 1635137193000
XRPUSD, true, 5.0, 1634893067994, 1.1161, NaN, 1.029485, 1.130395, true, 1635137193000
XRPUSD, true, 5.0, 1635320169000, 1.0612, NaN, 1.04481, 1.04481, true, 1635602883000
!
